Simulations	Runs	Undiscounted return	Undiscounted error	Discounted return	Discounted error	Time	Undiscounted CV	Undiscounted CV error	Discounted CV	Discounted CV error	Timesteps	GGF score
2	50	[0.38 0.22]	[0.249624 0.179533]	[0.38 0.22]	[0.249624 0.179533]	0.00045256
	0.048	0.0268686
	0.048	0.0268686	15	0	0.33	0.184721
4	50	[0.78 0.62]	[0.34443 0.301848]	[0.78 0.62]	[0.34443 0.301848]	0.0008553
	0.112	0.0392571
	0.112	0.0392571	15	0	0.77	0.269893
8	50	[0.98 0.82]	[0.389348 0.354051]	[0.98 0.82]	[0.389348 0.354051]	0.00164308
	0.112	0.0392571
	0.112	0.0392571	15	0	1.07	0.389618
16	50	[1.22 1.38]	[0.426418 0.453334]	[1.22 1.38]	[0.426418 0.453334]	0.00332988
	0.144	0.0434658
	0.144	0.0434658	15	0	1.59	0.488199
32	50	[3.16 2.84]	[0.630149 0.609498]	[3.16 2.84]	[0.630149 0.609498]	0.00678238
	0.416	0.0565233
	0.416	0.0565233	15	0	3.38	0.49871
64	50	[4.04 4.36]	[0.652356 0.706971]	[4.04 4.36]	[0.652356 0.706971]	0.0138701
	0.496	0.0549152
	0.496	0.0549152	15	0	4.94	0.596597
128	50	[4.76 4.44]	[0.636591 0.632557]	[4.76 4.44]	[0.636591 0.632557]	0.0276351
	0.416	0.0565233
	0.416	0.0565233	15	0	5.86	0.726504
256	50	[7.52 8.48]	[0.885094 0.855682]	[7.52 8.48]	[0.885094 0.855682]	0.0560295
	0.522667	0.0511333
	0.522667	0.0511333	15	0	10.16	0.879823
512	50	[11.98 10.22]	[1.03286 0.925328]	[11.98 10.22]	[1.03286 0.925328]	0.111882
	0.402667	0.0465698
	0.402667	0.0465698	15	0	14.69	0.955185
1024	50	[14.4 14.4]	[0.765245 0.917388]	[14.4 14.4]	[0.765245 0.917388]	0.227076
	0.261333	0.0337225
	0.261333	0.0337225	15	0	19.76	0.741652
2048	50	[16.86 18.94]	[1.03461 0.874716]	[16.86 18.94]	[1.03461 0.874716]	0.476193
	0.253333	0.0364173
	0.253333	0.0364173	15	0	24.81	0.823516
