Simulations	Runs	Undiscounted return	Undiscounted error	Discounted return	Discounted error	Time	Undiscounted CV	Undiscounted CV error	Discounted CV	Discounted CV error	Timesteps	GGF score
2	100	[0.26 0.74]	[0.141152 0.251245]	[0.26 0.74]	[0.141152 0.251245]	0.00018529
	0.048	0.0189989
	0.048	0.0189989	15	0	0.63	0.243271
4	100	[0.46 1.74]	[0.160885 0.354576]	[0.46 1.74]	[0.160885 0.354576]	0.00031344
	0.16	0.032
	0.16	0.032	15	0	1.25	0.259567
8	100	[0.7 2.3]	[0.204206 0.392046]	[0.7 2.3]	[0.204206 0.392046]	0.00057897
	0.208	0.0350907
	0.208	0.0350907	15	0	1.73	0.306139
16	100	[1.04 3.76]	[0.242866 0.447687]	[1.04 3.76]	[0.242866 0.447687]	0.00125406
	0.304	0.0388309
	0.304	0.0388309	15	0	2.84	0.383137
32	100	[2.45 6.85]	[0.361213 0.439631]	[2.45 6.85]	[0.361213 0.439631]	0.00278171
	0.472	0.0393467
	0.472	0.0393467	15	0	5.755	0.474789
64	100	[5.05 7.85]	[0.582301 0.360382]	[5.05 7.85]	[0.582301 0.360382]	0.00535652
	0.426667	0.0386437
	0.426667	0.0386437	15	0	8.495	0.604876
128	100	[8.48 9.92]	[0.603569 0.339612]	[8.48 9.92]	[0.603569 0.339612]	0.0104019
	0.269333	0.0344599
	0.269333	0.0344599	15	0	12.84	0.608436
256	100	[14.43 11.47]	[0.526736 0.395084]	[14.43 11.47]	[0.526736 0.395084]	0.0211604
	0.208	0.0197153
	0.208	0.0197153	15	0	18.045	0.459026
512	100	[19.98 11.82]	[0.53516 0.221982]	[19.98 11.82]	[0.53516 0.221982]	0.0429335
	0.277333	0.00992057
	0.277333	0.00992057	15	0	21.53	0.30363
1024	100	[23.21 12.89]	[0.578497 0.290136]	[23.21 12.89]	[0.578497 0.290136]	0.0805771
	0.318667	0.0112972
	0.318667	0.0112972	15	0	24.135	0.316927
2048	100	[24.98 13.62]	[0.421184 0.338166]	[24.98 13.62]	[0.421184 0.338166]	0.143875
	0.297333	0.0159839
	0.297333	0.0159839	15	0	26.07	0.275501
4096	100	[21.12 18.88]	[0.27759 0.27759]	[21.12 18.88]	[0.27759 0.27759]	0.261721
	0.056	0.0138795
	0.056	0.0138795	15	0	29.44	0.138795
8192	100	[20.15 19.75]	[0.112583 0.14239]	[20.15 19.75]	[0.112583 0.14239]	0.447743
	0.0106667	0.00616225
	0.0106667	0.00616225	15	0	29.825	0.109173
16384	100	[20 20]	[0 0]	[20 20]	[0 0]	0.79642
	0	0
	0	0	15	0	30	0
32768	100	[20 20]	[0 0]	[20 20]	[0 0]	1.47326
	0	0
	0	0	15	0	30	0
65536	100	[20 20]	[0 0]	[20 20]	[0 0]	2.82461
	0	0
	0	0	15	0	30	0
131072	100	[20 20]	[0 0]	[20 20]	[0 0]	5.55066
	0	0
	0	0	15	0	30	0
262144	100	[20 20]	[0 0]	[20 20]	[0 0]	11.0156
	0	0
	0	0	15	0	30	0
