Simulations	Runs	Undiscounted return	Undiscounted error	Discounted return	Discounted error	Time	Undiscounted CV	Undiscounted CV error	Discounted CV	Discounted CV error	Timesteps	GGF score
2	100	[0.32 0.48]	[0.159925 0.200739]	[0.32 0.48]	[0.159925 0.200739]	0.00020683
	0.048	0.0189989
	0.048	0.0189989	15	0	0.48	0.195821
4	100	[0.44 1.56]	[0.160823 0.3398]	[0.44 1.56]	[0.160823 0.3398]	0.00035543
	0.144	0.030735
	0.144	0.030735	15	0	1.14	0.252891
8	100	[0.51 2.19]	[0.160932 0.385408]	[0.51 2.19]	[0.160932 0.385408]	0.00063318
	0.2	0.034641
	0.2	0.034641	15	0	1.525	0.273622
16	100	[1.32 4.68]	[0.260338 0.44964]	[1.32 4.68]	[0.260338 0.44964]	0.00129845
	0.416	0.039968
	0.416	0.039968	15	0	3.46	0.357189
32	100	[3.69 6.81]	[0.503725 0.436049]	[3.69 6.81]	[0.503725 0.436049]	0.00264609
	0.408	0.039455
	0.408	0.039455	15	0	6.775	0.575733
64	100	[4.44 7.96]	[0.504841 0.431722]	[4.44 7.96]	[0.504841 0.431722]	0.00526242
	0.368	0.0393331
	0.368	0.0393331	15	0	8.26	0.598936
128	100	[9.52 10.48]	[0.630156 0.353689]	[9.52 10.48]	[0.630156 0.353689]	0.010421
	0.322667	0.0337931
	0.322667	0.0337931	15	0	13.72	0.577465
256	100	[14.56 11.84]	[0.690698 0.350919]	[14.56 11.84]	[0.690698 0.350919]	0.0222004
	0.277333	0.0226808
	0.277333	0.0226808	15	0	18.04	0.524246
512	100	[18.86 12.14]	[0.678973 0.283203]	[18.86 12.14]	[0.678973 0.283203]	0.0446935
	0.28	0.0161658
	0.28	0.0161658	15	0	21.05	0.464193
1024	100	[23.98 12.62]	[0.552988 0.252103]	[23.98 12.62]	[0.552988 0.252103]	0.084797
	0.338667	0.00931808
	0.338667	0.00931808	15	0	24.29	0.282859
2048	100	[27.3 12.1]	[0.292062 0.100499]	[27.3 12.1]	[0.292062 0.100499]	0.159162
	0.392	0.00316649
	0.392	0.00316649	15	0	25.67	0.130618
4096	100	[28 12]	[0 0]	[28 12]	[0 0]	0.293248
	0.4	5.26836e-10
	0.4	5.26836e-10	15	0	26	0
8192	100	[28 12]	[0 0]	[28 12]	[0 0]	0.493833
	0.4	5.26836e-10
	0.4	5.26836e-10	15	0	26	0
16384	100	[28 12]	[0 0]	[28 12]	[0 0]	0.832345
	0.4	5.26836e-10
	0.4	5.26836e-10	15	0	26	0
32768	100	[28 12]	[0 0]	[28 12]	[0 0]	1.43657
	0.4	5.26836e-10
	0.4	5.26836e-10	15	0	26	0
65536	100	[28 12]	[0 0]	[28 12]	[0 0]	2.64601
	0.4	5.26836e-10
	0.4	5.26836e-10	15	0	26	0
131072	100	[28 12]	[0 0]	[28 12]	[0 0]	5.09951
	0.4	5.26836e-10
	0.4	5.26836e-10	15	0	26	0
262144	100	[28 12]	[0 0]	[28 12]	[0 0]	10.1369
	0.4	5.26836e-10
	0.4	5.26836e-10	15	0	26	0
