Simulations	Runs	Undiscounted return	Undiscounted error	Discounted return	Discounted error	Time	Undiscounted CV	Undiscounted CV error	Discounted CV	Discounted CV error	Timesteps	GGF score
2	100	[0.82 0.98]	[0.250352 0.275311]	[0.82 0.98]	[0.250352 0.275311]	0.00019347
	0.112	0.027759
	0.112	0.027759	15	0	1.07	0.275501
4	100	[0.88 1.52]	[0.24219 0.327561]	[0.88 1.52]	[0.24219 0.327561]	0.00036548
	0.192	0.0341667
	0.192	0.0341667	15	0	1.32	0.234896
8	100	[0.81 1.69]	[0.22834 0.36625]	[0.81 1.69]	[0.22834 0.36625]	0.00068437
	0.192	0.0341667
	0.192	0.0341667	15	0	1.375	0.250537
16	100	[2.46 2.94]	[0.405073 0.431467]	[2.46 2.94]	[0.405073 0.431467]	0.00139439
	0.32	0.0391918
	0.32	0.0391918	15	0	3.21	0.413653
32	100	[4.91 4.99]	[0.548105 0.518169]	[4.91 4.99]	[0.548105 0.518169]	0.00287928
	0.472	0.0393467
	0.472	0.0393467	15	0	6.005	0.491706
64	100	[6.61 6.69]	[0.558013 0.555643]	[6.61 6.69]	[0.558013 0.555643]	0.00567971
	0.504	0.0375034
	0.504	0.0375034	15	0	8.395	0.559745
128	100	[9.43 10.47]	[0.647496 0.666552]	[9.43 10.47]	[0.647496 0.666552]	0.0116205
	0.408	0.034862
	0.408	0.034862	15	0	13.105	0.653234
256	100	[11.51 13.99]	[0.571401 0.730821]	[11.51 13.99]	[0.571401 0.730821]	0.0242682
	0.369333	0.030279
	0.369333	0.030279	15	0	16.905	0.553204
512	100	[16.14 15.66]	[0.593636 0.664111]	[16.14 15.66]	[0.593636 0.664111]	0.0515783
	0.284	0.0250621
	0.284	0.0250621	15	0	21.73	0.517128
1024	100	[17.49 18.21]	[0.641638 0.659287]	[17.49 18.21]	[0.641638 0.659287]	0.109927
	0.261333	0.0219834
	0.261333	0.0219834	15	0	24.515	0.436833
2048	100	[20.16 19.04]	[0.553303 0.559628]	[20.16 19.04]	[0.553303 0.559628]	0.244148
	0.189333	0.0218423
	0.189333	0.0218423	15	0	27.6	0.320936
4096	100	[18.99 20.51]	[0.571226 0.584721]	[18.99 20.51]	[0.571226 0.584721]	0.554986
	0.213333	0.019505
	0.213333	0.019505	15	0	27.525	0.252723
8192	100	[20.56 19.44]	[0.622305 0.622305]	[20.56 19.44]	[0.622305 0.622305]	1.29608
	0.212	0.0229469
	0.212	0.0229469	15	0	27.88	0.229469
16384	100	[19.84 20.16]	[0.688 0.688]	[19.84 20.16]	[0.688 0.688]	3.18964
	0.256	0.0229922
	0.256	0.0229922	15	0	27.44	0.229922
32768	100	[19.76 20.24]	[0.624359 0.624359]	[19.76 20.24]	[0.624359 0.624359]	8.23008
	0.22	0.0221811
	0.22	0.0221811	15	0	27.8	0.221811
65536	100	[20.16 19.84]	[0.505711 0.505711]	[20.16 19.84]	[0.505711 0.505711]	19.8909
	0.152	0.0202228
	0.152	0.0202228	15	0	28.48	0.202228
