Simulations	Runs	Undiscounted return	Undiscounted error	Discounted return	Discounted error	Time	Undiscounted CV	Undiscounted CV error	Discounted CV	Discounted CV error	Timesteps	GGF score
2	50	[7.04 10.56]	[0.569182 0.654926]	[7.04 10.56]	[0.569182 0.654926]	0.00039816
	0.288	0.0543058
	0.288	0.0543058	37.24	3.03823	12.08	0.60189
4	50	[6.44 11.56]	[0.589345 0.651251]	[6.44 11.56]	[0.589345 0.651251]	0.0008474
	0.32	0.0554256
	0.32	0.0554256	46.32	5.5493	12.14	0.567986
8	50	[7.54 11.86]	[0.513973 0.641878]	[7.54 11.86]	[0.513973 0.641878]	0.00132194
	0.288	0.0543058
	0.288	0.0543058	37.4	3.29132	13.23	0.376354
16	50	[6.16 13.84]	[0.565233 0.565233]	[6.16 13.84]	[0.565233 0.565233]	0.00221836
	0.384	0.0565233
	0.384	0.0565233	29.32	2.88658	13.08	0.282616
32	50	[7.92 12.08]	[0.496258 0.496258]	[7.92 12.08]	[0.496258 0.496258]	0.00355848
	0.208	0.0496258
	0.208	0.0496258	23.24	2.66136	13.96	0.248129
64	50	[6.8 13.2]	[0.554256 0.554256]	[6.8 13.2]	[0.554256 0.554256]	0.0044246
	0.32	0.0554256
	0.32	0.0554256	14.12	1.04867	13.4	0.277128
128	50	[6.48 13.52]	[0.561598 0.561598]	[6.48 13.52]	[0.561598 0.561598]	0.00656574
	0.352	0.0561598
	0.352	0.0561598	10.48	0.966329	13.24	0.280799
256	50	[8.4 11.6]	[0.452548 0.452548]	[8.4 11.6]	[0.452548 0.452548]	0.0105302
	0.16	0.0452548
	0.16	0.0452548	8.38	0.527553	14.2	0.226274
512	50	[6.96 13.04]	[0.549152 0.549152]	[6.96 13.04]	[0.549152 0.549152]	0.0172912
	0.304	0.0549152
	0.304	0.0549152	6.9	0.356931	13.48	0.274576
1024	50	[6.96 13.04]	[0.549152 0.549152]	[6.96 13.04]	[0.549152 0.549152]	0.0270218
	0.304	0.0549152
	0.304	0.0549152	5.6	0.213542	13.48	0.274576
2048	50	[8.24 11.76]	[0.468666 0.468666]	[8.24 11.76]	[0.468666 0.468666]	0.0428919
	0.176	0.0468666
	0.176	0.0468666	5.14	0.0566392	14.12	0.234333
4096	50	[7.28 12.72]	[0.53594 0.53594]	[7.28 12.72]	[0.53594 0.53594]	0.06936
	0.272	0.053594
	0.272	0.053594	5	0	13.64	0.26797
8192	50	[7.6 12.4]	[0.518459 0.518459]	[7.6 12.4]	[0.518459 0.518459]	0.112598
	0.24	0.0518459
	0.24	0.0518459	5	0	13.8	0.25923
16384	50	[7.76 12.24]	[0.507984 0.507984]	[7.76 12.24]	[0.507984 0.507984]	0.190386
	0.224	0.0507984
	0.224	0.0507984	5	0	13.88	0.253992
32768	50	[6.96 13.04]	[0.549152 0.549152]	[6.96 13.04]	[0.549152 0.549152]	0.337173
	0.304	0.0549152
	0.304	0.0549152	5	0	13.48	0.274576
65536	50	[7.76 12.24]	[0.507984 0.507984]	[7.76 12.24]	[0.507984 0.507984]	0.633744
	0.224	0.0507984
	0.224	0.0507984	5	0	13.88	0.253992
131072	50	[7.6 12.4]	[0.518459 0.518459]	[7.6 12.4]	[0.518459 0.518459]	1.20712
	0.24	0.0518459
	0.24	0.0518459	5	0	13.8	0.25923
